1000 500
999 500
998 499
997 499
996 498
995 498
994 497
993 497
992 496
991 496
990 495
989 495
988 495
987 494
986 494
985 493
984 493
983 492
982 492
981 491
980 491
979 490
978 490
977 490
976 489
975 489
974 488
973 488
972 487
971 487
970 486
969 486
968 485
967 485
966 485
965 484
964 484
963 483
962 483
961 482
960 482
959 481
958 481
957 480
956 480
955 480
954 479
953 479
952 478
951 478
950 477
949 477
948 476
947 476
946 475
945 475
944 475
943 474
942 474
941 473
940 473
939 472
938 471
937 470
936 469
935 468
934 467
933 466
932 465
931 464
930 463
929 462
928 461
927 460
926 459
925 458
924 457
923 456
922 455
921 454
920 453
919 452
918 451
917 450
916 449
915 448
914 447
913 446
912 445
911 444
910 443
909 442
908 441
907 440
906 439
905 438
904 437
903 436
902 435
901 434
900 433
899 432
898 431
897 430
896 429
895 428
894 427
893 426
892 425
891 424
890 423
889 422
888 421
887 420
886 419
885 418
884 417
883 416
882 415
881 414
880 413
879 412
878 411
877 410
876 409
875 408
874 407
873 406
872 405
871 404
870 403
869 402
868 401
867 400
866 399
865 398
864 397
863 396
862 395
861 394
860 393
859 392
858 391
857 390
856 390
855 390
854 389
853 389
852 389
851 388
850 388
849 387
848 387
847 387
846 386
845 386
844 385
843 385
842 384
841 384
840 384
839 383
838 383
837 383
836 382
835 382
834 381
833 381
832 381
831 380
830 380
829 380
828 379
827 379
826 379
825 378
824 378
823 377
822 377
821 377
820 377
819 376
818 376
817 376
816 375
815 375
814 375
813 374
812 374
811 374
810 373
809 373
808 373
807 373
806 373
805 372
804 372
803 371
802 371
801 371
800 370
799 370
798 370
797 370
796 369
795 369
794 369
793 368
792 368
791 368
790 367
789 367
788 367
787 366
786 366
785 365
784 365
783 365
782 365
781 364
780 364
779 364
778 364
777 363
776 363
775 363
774 363
773 362
772 362
771 362
770 361
769 361
768 360
767 360
766 360
765 359
764 359
763 359
762 358
761 358
760 358
759 358
758 357
757 357
756 357
755 357
754 356
753 355
752 355
751 355
750 354
749 354
748 354
747 354
746 354
745 353
744 353
743 353
742 352
741 352
740 352
739 351
738 351
737 351
736 350
735 350
734 350
733 349
732 349
731 349
730 348
729 348
728 348
727 348
726 347
725 347
724 347
723 346
722 346
721 346
720 346
719 346
718 346
717 346
716 346
715 346
714 346
713 346
712 346
711 346
710 346
709 346
708 345
707 344
706 343
705 342
704 341
703 340
702 339
701 338
700 337
699 336
698 335
697 334
696 333
695 332
694 331
693 330
692 329
691 328
690 327
689 326
688 325
687 324
686 323
685 322
684 321
683 320
682 319
681 318
680 317
679 316
678 315
677 314
676 313
675 312
674 311
673 310
672 309
671 308
670 307
669 306
668 305
667 304
666 303
665 302
664 301
663 300
662 299
661 298
660 297
659 296
658 295
657 294
656 293
655 292
654 291
653 290
652 289
651 288
650 287
649 286
648 285
647 284
646 283
645 282
644 281
643 280
642 279
641 278
640 277
639 276
638 275
637 274
636 273
635 272
634 271
633 270
632 269
631 268
630 267
629 266
628 265
627 264
626 263
625 262
624 261
623 260
622 259
621 258
620 257
619 256
618 255
617 254
616 253
615 252
614 251
613 250
612 249
611 248
610 247
609 246
608 245
607 244
606 243
605 242
604 241
603 240
602 239
601 238
600 237
599 236
598 235
597 234
596 233
595 232
594 231
593 230
592 229
591 228
590 227
589 226
588 225
587 224
586 223
585 222
584 221
583 220
582 219
581 218
580 217
579 216
578 215
577 214
576 213
575 212
574 211
573 210
572 209
571 208
570 207
569 206
568 205
567 204
566 203
565 202
564 201
563 200
562 199
561 198
560 197
559 196
558 195
557 194
556 193
555 192
554 191
553 190
552 189
551 188
550 187
549 186
548 185
547 184
546 183
545 182
544 181
543 180
542 179
541 178
540 177
539 176
538 175
537 174
536 173
535 172
534 171
533 170
532 169
531 168
530 167
529 166
528 165
527 164
526 163
525 162
524 161
523 160
522 159
521 158
520 157
519 156
518 155
517 154
516 153
515 152
514 151
513 150
512 149
511 148
510 147
509 146
508 145
507 144
506 143
505 142
504 141
503 140
502 139
501 138
500 137
499 136
498 135
497 134
496 133
495 133
494 133
493 132
492 132
491 131
490 131
489 131
488 130
487 130
486 129
485 129
484 128
483 127
482 127
481 127
480 126
479 126
478 126
477 125
476 124
475 124
474 124
473 123
472 123
471 123
470 122
469 121
468 121
467 121
466 121
465 121
464 121
463 121
462 121
461 121
460 121
459 121
458 121
457 121
456 121
455 121
454 121
453 120
452 120
451 120
450 120
449 120
448 120
447 120
446 120
445 120
444 120
443 120
442 120
441 120
440 120
439 120
438 120
437 120
436 120
435 120
434 120
433 120
432 120
431 120
430 120
429 120
428 120
427 120
426 120
425 120
424 120
423 120
422 120
421 120
420 120
419 120
418 120
417 120
416 120
415 120
414 120
413 120
412 120
411 120
410 120
409 120
408 120
407 120
406 120
405 120
404 120
403 120
402 120
401 120
400 120
399 120
398 119
397 119
396 119
395 119
394 119
393 119
392 119
391 119
390 119
389 119
388 119
387 119
386 119
385 119
384 119
383 119
382 119
381 119
380 119
379 119
378 119
377 119
376 119
375 119
374 119
373 119
372 119
371 119
370 119
369 119
368 119
367 119
366 119
365 119
364 119
363 119
362 119
361 119
360 119
359 118
358 118
357 118
356 118
355 118
354 118
353 118
352 118
351 118
350 118
349 118
348 118
347 118
346 118
345 118
344 118
343 118
342 118
341 118
340 118
339 118
338 118
337 118
336 118
335 118
334 118
333 118
332 118
331 118
330 118
329 118
328 118
327 118
326 118
325 118
324 118
323 118
322 118
321 118
320 118
319 118
318 118
317 118
316 118
315 118
314 118
313 118
312 118
311 118
310 118
309 118
308 118
307 118
306 118
305 118
304 118
303 118
302 118
301 118
300 118
299 118
298 118
297 118
296 118
295 118
294 118
293 118
292 118
291 118
290 118
289 118
288 118
287 118
286 118
285 118
284 118
283 118
282 118
281 118
280 118
279 118
278 118
277 118
276 118
275 118
274 118
273 118
272 118
271 118
270 118
269 118
268 118
267 118
266 118
265 118
264 118
263 118
262 118
261 118
260 118
259 118
258 118
257 118
256 118
255 118
254 118
253 118
252 118
251 118
250 118
249 118
248 118
247 118
246 118
245 118
244 118
243 118
242 118
241 118
240 118
239 118
238 118
237 118
236 118
235 118
234 118
233 118
232 118
231 118
230 118
229 118
228 118
227 118
226 118
225 118
224 118
223 118
222 118
221 118
220 118
219 118
218 118
217 118
216 118
215 118
214 118
213 118
212 118
211 118
210 118
209 118
208 118
207 118
206 118
205 118
204 118
203 118
202 118
201 118
200 118
199 118
198 118
197 118
196 118
195 118
194 118
193 118
192 118
191 118
190 118
189 118
188 118
187 118
186 118
185 118
184 118
183 118
182 118
181 118
180 118
179 118
178 118
177 118
176 118
175 118
174 118
173 118
172 118
171 118
170 118
169 118
168 118
167 118
166 118
165 118
164 118
163 118
162 118
161 118
160 118
159 117
158 117
157 116
156 116
155 115
154 115
153 115
152 114
151 114
150 113
149 113
148 112
147 112
146 111
145 111
144 110
143 110
142 110
141 109
140 109
139 108
138 108
137 107
136 107
135 106
134 106
133 105
132 105
131 105
130 104
129 104
128 103
127 103
126 102
125 102
124 101
123 101
122 100
121 100
120 100
119 99
118 99
117 98
116 98
115 97
114 97
113 96
112 96
111 95
110 95
109 95
108 94
107 94
106 93
105 93
104 92
103 92
102 91
101 91
100 90
99 90
98 90
97 89
96 89
95 88
94 88
93 87
92 87
91 86
90 86
89 85
88 85
87 85
86 84
85 84
84 83
83 83
82 82
81 81
80 80
79 79
78 78
77 77
76 76
75 75
74 74
73 73
72 72
71 71
70 70
69 69
68 68
67 67
66 66
65 65
64 64
63 63
62 62
61 61
60 60
59 59
58 58
57 57
56 56
55 55
54 54
53 53
52 52
51 51
50 50
49 49
48 48
47 47
46 46
45 45
44 44
43 43
42 42
41 41
40 40
39 39
38 38
37 37
36 36
35 35
34 34
33 33
32 32
31 31
30 30
29 29
28 28
27 27
26 26
25 25
24 24
23 23
22 22
21 21
20 20
